147,
1, .0000000, .0000000, .0000000
2, .3747535, .0000000,-6.4648085
3, .2835706, .4911587,-6.4436226
4, .0000000, .0000000, .0000000
5, .7522649, .3219031,-6.4026467
6, .0000000, .0000000, .0000000
7, 1.2649755,-.0000005,-6.2906973
8, 1.2042833, .4961619,-6.2788992
9, .8185990, .8111714,-6.3238010
10, .7467141, 1.2933469,-6.2127183
11, .0000000, .0000000, .0000000
12, 1.6411645, .2944401,-6.1430923
13, .0000000, .0000000, .0000000
14, 1.2007698, 1.0901633,-6.1622190
15, .0000000, .0000000, .0000000
16, 2.0579810,-.0000003,-5.9507031
17, 2.0420941, .4991088,-5.9254541
18, 1.6591111, .7881502,-6.0660931
19, 1.6156818, 1.2728626,-5.9513424
20, 1.2098949, 1.5615808,-5.9958370
21, 1.1623171, 2.0131925,-5.7865908
22, .0000000, .0000000, .0000000
23, 2.4193209, .2498700,-5.7119585
24, .0000000, .0000000, .0000000
25, 2.0280407, 1.0213348,-5.8221337
26, .0000000, .0000000, .0000000
27, 1.5947372, 1.7648868,-5.7497402
28, .0000000, .0000000, .0000000
29, 2.7230143,-.0000002,-5.4831004
30, 2.7457605, .4959849,-5.4240952
31, 2.3848623, .7462791,-5.6630624
32, 2.3743128, 1.2269519,-5.5257930
33, 1.9807931, 1.4968764,-5.6750679
34, 1.9551932, 1.9442553,-5.4532630
35, 1.5320355, 2.2028880,-5.5168800
36, 1.5025460, 2.6024854,-5.2177939
37, .0000000, .0000000, .0000000
38, 3.0513548, .1988500,-5.1627073
39, .0000000, .0000000, .0000000
40, 2.7262808, .9224399,-5.3430600
41, .0000000, .0000000, .0000000
42, 2.3417827, 1.6410125,-5.3605652
43, .0000000, .0000000, .0000000
44, 1.9142322, 2.3187388,-5.2160405
45, .0000000, .0000000, .0000000
46,-.1873768,-.3245461,-6.4648085
47,-.5671412, .0000000,-6.4436226
48,-.1873768, .3245461,-6.4648085
49, .2835706,-.4911587,-6.4436226
50, .7522649,-.3219031,-6.4026467
51, 1.2042833,-.4961619,-6.2788992
52,-.0973562, .8124321,-6.4026467
53, .2931956, 1.1145132,-6.3238010
54, 1.6411645,-.2944401,-6.1430923
55, 2.0420941,-.4991088,-5.9254541
56, .3437242, 1.5849788,-6.1622190
57, .7474212, 1.8285901,-5.9958370
58, 2.4193209,-.2498700,-5.7119585
59, 2.7457605,-.4959849,-5.4240952
60, .7310682, 2.2635263,-5.7497402
61, 1.1417392, 2.4282257,-5.5168800
62, 3.0513548,-.1988500,-5.1627073
63, .0000000, .0000000, .0000000
64,-.1873768, .3245461,-6.4648085
65, .2835706, .4911587,-6.4436226
66, .0000000, .0000000, .0000000
67,-.0973562, .8124321,-6.4026467
68, .0000000, .0000000, .0000000
69,-.6324882, 1.0955007,-6.2906973
70,-.1724529, 1.2910209,-6.2788992
71, .2931956, 1.1145132,-6.3238010
72, .7467142, 1.2933469,-6.2127183
73, .0000000, .0000000, .0000000
74,-.5655897, 1.5685102,-6.1430923
75, .0000000, .0000000, .0000000
76, .3437242, 1.5849788,-6.1622190
77, .0000000, .0000000, .0000000
78,-1.0289908, 1.7822637,-5.9507031
79,-.5888061, 2.0180598,-5.9254541
80,-.1469975, 1.8309074,-6.0660931
81, .2944905, 2.0356528,-5.9513424
82, .7474212, 1.8285901,-5.9958370
83, 1.1623173, 2.0131924,-5.7865908
84, .0000000, .0000000, .0000000
85,-.9932667, 2.2201284,-5.7119585
86, .0000000, .0000000, .0000000
87,-.1295185, 2.2670022,-5.8221337
88, .0000000, .0000000, .0000000
89, .7310682, 2.2635263,-5.7497402
90, .0000000, .0000000, .0000000
91,-1.3615073, 2.3581994,-5.4831004
92,-.9433447, 2.6258908,-5.4240952
93,-.5461345, 2.4384909,-5.6630624
94,-.1245849, 2.6696912,-5.5257930
95, .3059365, 2.4638554,-5.6750679
96, .7061779, 2.6653747,-5.4532630
97, 1.1417392, 2.4282257,-5.5168800
98, 1.5025455, 2.6024857,-5.2177939
99, .0000000, .0000000, .0000000
100,-1.3534683, 2.7419758,-5.1627073
101, .0000000, .0000000, .0000000
102,-.5642841, 2.8222484,-5.3430600
103, .0000000, .0000000, .0000000
104, .2502671, 2.8485495,-5.3605652
105, .0000000, .0000000, .0000000
106, 1.0509706, 2.8171431,-5.2160405
107, .0000000, .0000000, .0000000
108, 3.1838800,-.4769149,-4.9815240
109, 3.1064610, .0000000,-5.1102030
110, 3.1838800, .4769149,-4.9815240
111, 3.4142510, .1100497,-4.7318460
112, 3.2801580, .5783803,-4.8444760
113, 3.2459857, 1.0643297,-4.7318460
114, 3.1549830, .6407977,-4.9815240
115, 2.9191, 1.0624722,-5.1102030
116, 2.8287540, 1.5371045,-4.9815240
117, 3.1707073, 1.2711555,-4.7318460
118, 2.8845226, 1.6653798,-4.8444760
119, 2.6862066, 2.1103353,-4.7318460
120, 2.7455486, 1.6812206,-4.9815240
121, 2.3796872, 1.9967946,-5.1102030
122, 2.1324386, 2.4118966,-4.9815240
123, 2.5447294, 2.2789412,-4.7318460
124, 2.1409711, 2.5515099,-4.8444760
125, 1.8024314, 2.9018033,-4.7318460
126, 2.0049604, 2.5188635,-4.9815240
127, 1.5532305, 2.6902741,-5.1102030
128,-2.0049604, 2.5188635,-4.9815240
129,-1.5532305, 2.6902741,-5.1102030
130,-1.1789196, 2.9957784,-4.9815240
131,-1.6118197, 3.0118529,-4.7318460
132,-1.1391869, 3.1298903,-4.8444760
133,-.7012563, 3.3432708,-4.7318460
134,-1.0225444, 3.0526942,-4.9815240
135,-.5394314, 3.0592668,-5.1102030
136,-.0832055, 3.2183250,-4.9815240
137,-.4845007, 3.3814908,-4.7318460
138,-.0000001, 3.3307597,-4.8444760
139, .4845007, 3.3814908,-4.7318460
140, .0832055, 3.2183251,-4.9815240
141, .5394312, 3.0592668,-5.1102030
142, 1.0225444, 3.0526942,-4.9815240
143, .7012563, 3.3432709,-4.7318460
144, 1.1391868, 3.1298902,-4.8444760
145, 1.6118197, 3.0118530,-4.7318460
146, 1.1789196, 2.9957783,-4.9815240
147, 1.5532304, 2.6902741,-5.1102030
59,
1,47,46,48,1,1,1,
2,3,48,2,1,1,1,
3,49,2,46,1,1,1,
4,48,46,2,1,1,1,
5,2,50,5,1,0,0,
6,8,5,7,0,1,0,
7,51,7,50,0,0,1,
8,5,50,7,1,0,0,
9,52,3,53,0,0,1,
10,10,53,9,0,0,0,
11,5,9,3,1,0,0,
12,53,3,9,0,0,0,
13,7,54,12,0,1,1,
14,17,12,16,1,1,1,
15,55,16,54,1,1,1,
16,12,54,16,0,1,1,
17,9,8,14,0,1,1,
18,19,14,18,1,0,0,
19,12,18,8,1,0,1,
20,14,8,18,1,0,1,
21,56,10,57,1,1,0,
22,21,57,20,1,1,1,
23,14,20,10,0,1,1,
24,57,10,20,1,1,1,
25,16,58,23,1,1,1,
26,30,23,29,1,0,1,
27,59,29,58,1,1,0,
28,23,58,29,1,0,0,
29,18,17,25,0,0,1,
30,32,25,31,0,0,0,
31,23,31,17,1,0,1,
32,25,17,31,0,0,0,
33,20,19,27,1,0,0,
34,34,27,33,0,0,0,
35,25,33,19,0,0,0,
36,27,19,33,1,0,0,
37,60,21,61,0,0,1,
38,36,61,35,0,0,0,
39,27,35,21,1,0,0,
40,61,21,35,1,1,1,
41,29,62,38,1,0,0,
42,31,30,40,0,0,0,
43,33,32,42,0,0,0,
44,35,34,44,0,0,0,
45,71,76,70,1,1,0,
46,81,80,76,0,0,1,
47,74,70,80,1,0,1,
48,76,80,70,1,0,1,
49,80,87,79,1,0,0,
50,94,93,87,0,0,0,
51,85,79,93,1,0,1,
52,87,93,79,0,0,0,
53,82,89,81,0,0,1,
54,96,95,89,0,0,0,
55,87,81,95,0,0,0,
56,89,95,81,0,0,1,
57,93,102,92,0,0,0,
58,95,104,94,0,0,0,
59,97,106,96,0,0,0,
83,
60,3,2,5,1,0,1,
61,9,5,8,0,1,0,
62,8,7,12,0,1,0,
63,18,12,17,1,0,1,
64,10,9,14,0,1,1,
65,20,14,19,1,1,0,
66,17,16,23,1,0,1,
67,31,23,30,0,0,0,
68,19,18,25,0,0,0,
69,33,25,32,0,0,0,
70,21,20,27,1,1,1,
71,35,27,34,1,0,0,
72,30,29,38,0,0,0,
73,32,31,40,0,0,0,
74,34,33,42,0,0,0,
75,36,35,44,1,0,0,
76,65,67,64,1,0,1,
77,71,70,67,0,1,0,
78,70,74,69,0,1,0,
79,80,79,74,1,0,1,
80,72,76,71,1,1,0,
81,82,81,76,0,1,1,
82,79,85,78,1,0,1,
83,93,92,85,0,0,0,
84,81,87,80,0,0,0,
85,95,94,87,0,0,0,
86,83,89,82,1,1,1,
87,97,96,89,0,0,1,
88,92,100,91,0,0,0,
89,94,102,93,0,0,0,
90,96,104,95,0,0,0,
91,98,106,97,0,0,1,
92,108,109,62,0,0,0,
93,109,38,62,0,0,0,
94,109,110,38,0,0,0,
95,110,111,112,0,0,0,
96,112,113,114,0,0,0,
97,114,30,110,0,0,0,
98,38,110,30,0,0,0,
99,110,112,114,0,0,0,
100,114,40,30,0,0,0,
101,114,115,40,0,0,0,
102,115,116,40,0,0,0,
103,116,117,118,0,0,0,
104,118,119,120,0,0,0,
105,116,118,120,0,0,0,
106,40,116,32,0,0,0,
107,120,32,116,0,0,0,
108,32,120,42,0,0,0,
109,42,120,121,0,0,0,
110,42,121,34,0,0,0,
111,121,122,34,0,0,0,
112,122,123,124,0,0,0,
113,124,125,126,0,0,0,
114,122,124,126,0,0,0,
115,126,44,122,0,0,0,
116,122,44,34,0,0,0,
117,126,36,44,0,0,0,
118,126,127,36,0,0,0,
119,146,98,147,0,0,0,
120,146,106,98,0,0,0,
121,142,96,106,0,0,0,
122,146,142,106,0,0,0,
123,142,146,144,0,0,0,
124,144,146,145,0,0,0,
125,142,144,143,0,0,0,
126,141,96,142,0,0,0,
127,104,96,141,0,0,0,
128,104,141,140,0,0,0,
129,94,104,140,0,0,0,
130,140,136,94,0,0,0,
131,102,94,136,0,0,0,
132,136,140,138,0,0,0,
133,138,140,139,0,0,0,
134,136,138,137,0,0,0,
135,135,102,136,0,0,0,
136,134,102,135,0,0,0,
137,134,92,102,0,0,0,
138,130,134,132,0,0,0,
139,100,92,130,0,0,0,
140,134,130,92,0,0,0,
141,132,134,133,0,0,0,
142,130,132,131,0,0,0,
